0.00313997 0.38021 -1.41744
0.29955 0.0984136 -1.72652
1.45992 -0.338815 -2.81429
0.428883 -0.130158 -1.60837
-0.337289 0.251609 -2.12145
-3.53899 -0.307775 -9.90171
-1.40445 -0.14636 -3.67672
0.123528 0.0402842 -1.44735
1.92086 0.706646 -5.30631
-0.0701447 0.0450058 -1.22718
-4.11696 -0.30344 -12.2767
0.302348 0.102465 -1.74146
-0.361572 0.244202 -2.07865
0.00385122 0.376083 -1.41754
-0.0284604 0.358597 -1.37123
-1.00264 -0.0692386 -3.04383
-0.0680736 0.0447646 -1.23029
0.123277 0.0386854 -1.44741
-3.72717 -0.275897 -10.9234
-0.337957 0.255483 -2.12136
0.430643 -0.130081 -1.60828
0.301685 0.106308 -1.74137
-0.944343 -0.191211 -3.20067
-1.35134 -0.143733 -4.03796
-0.359326 0.24705 -2.07845
-0.339487 0.253542 -2.12149
-0.0677334 0.0476 -1.23458
0.122843 0.0412068 -1.44735
0.432052 -0.130019 -1.60822
-2.49307 -0.287101 -7.37929
-3.98716 -0.443025 -10.9588
-2.31781 -0.177011 -6.75795
0.00599819 0.391632 -1.42134
-0.0677335 0.0475999 -1.23458
-0.357418 0.245191 -2.08922
-0.337843 0.256986 -2.12131
-0.000588133 0.375177 -1.41238
0.299612 0.0993587 -1.73409
0.432312 -0.126586 -1.60809
0.373017 -0.0531397 -1.62793
0.73809 0.0549098 -2.13556
0.122089 0.0411739 -1.44739
-0.351771 0.250745 -2.08878
0.293138 0.103142 -1.72667
-0.066852 0.0482427 -1.23012
0.539948 0.0279626 -1.61117
0.371614 -0.0545574 -1.63444
0.73577 0.0603571 -2.1355
0.428642 -0.125314 -1.61462
-0.0668252 0.0520978 -1.23439
0.294221 0.104515 -1.72658
0.12015 0.0429181 -1.44742
-0.0376719 -0.243273 -1.1928
0.542695 0.0206302 -1.61127
-0.065353 0.0499484 -1.23439
0.288229 0.103883 -1.71948
0.313598 0.164286 -1.54108
-0.0530391 -0.250381 -1.16695
0.114995 0.0347908 -1.44792
-0.0670691 -0.240861 -1.15551
-0.0464508 -0.246559 -1.18371
0.290738 0.108182 -1.72663
-0.0642675 0.0581108 -1.23728
0.117578 0.0380645 -1.4477
0.763347 0.0649588 -2.13407
0.0250002 0.0145565 -1.34303
0.541471 0.027731 -1.6111
0.143912 0.00118842 -1.45842
0.427527 -0.126847 -1.61472
-0.018787 0.0207531 -1.29011
-0.0496132 -0.187282 -1.18838
