0.00312918 0.380239 -1.41758
0.299567 0.0984191 -1.72667
1.46002 -0.338851 -2.81444
0.428913 -0.130171 -1.60852
-0.337302 0.25163 -2.12159
-3.53903 -0.30778 -9.90181
-1.40447 -0.146363 -3.67685
0.123537 0.0402864 -1.44749
1.92096 0.706688 -5.30645
-0.0701467 0.0450096 -1.22732
-4.11701 -0.303442 -12.2768
0.302364 0.102471 -1.7416
-0.361586 0.244223 -2.07878
0.00384063 0.376112 -1.41768
-0.0284721 0.358625 -1.37137
-1.00266 -0.0692386 -3.04396
-0.0680755 0.0447684 -1.23043
0.123286 0.0386874 -1.44755
-3.72721 -0.275899 -10.9235
-0.33797 0.255504 -2.1215
0.430674 -0.130094 -1.60843
0.301702 0.106315 -1.74151
-0.944352 -0.191221 -3.20081
-1.35136 -0.143738 -4.03809
-0.35934 0.247071 -2.07859
-0.3395 0.253564 -2.12163
-0.0677353 0.0476039 -1.23472
0.122851 0.0412091 -1.44749
0.432083 -0.130032 -1.60836
-2.49309 -0.287111 -7.37941
-3.98721 -0.443038 -10.9589
-2.31785 -0.177012 -6.75807
0.00598709 0.391662 -1.42149
-0.0677354 0.0476039 -1.23472
-0.357431 0.245211 -2.08935
-0.337856 0.257008 -2.12145
-0.000598928 0.375206 -1.41252
0.299628 0.0993643 -1.73423
0.432343 -0.126599 -1.60824
0.373042 -0.0531464 -1.62808
0.738132 0.0549092 -2.13571
0.122098 0.0411762 -1.44753
-0.351784 0.250766 -2.08891
0.293154 0.103148 -1.72682
-0.066854 0.0482467 -1.23026
0.539977 0.0279612 -1.61132
0.37164 -0.0545642 -1.63459
0.735812 0.0603569 -2.13565
0.428672 -0.125327 -1.61477
-0.0668273 0.0521021 -1.23454
0.294238 0.104521 -1.72672
0.120159 0.0429205 -1.44757
-0.0376609 -0.243292 -1.19294
0.542724 0.0206282 -1.61142
-0.065355 0.0499526 -1.23454
0.288245 0.103889 -1.71963
0.313611 0.164296 -1.54123
-0.0530287 -0.2504 -1.1671
0.115004 0.0347926 -1.44806
-0.0670598 -0.240879 -1.15566
-0.0464402 -0.246579 -1.18386
0.290754 0.108189 -1.72677
-0.0642696 0.0581156 -1.23742
0.117586 0.0380665 -1.44784
0.763389 0.0649587 -2.13421
0.0250047 0.0145573 -1.34317
0.5415 0.0277296 -1.61125
0.143923 0.00118741 -1.45857
0.427557 -0.12686 -1.61487
-0.0187852 0.0207547 -1.29025
-0.0496051 -0.187297 -1.18853
