-0.0185944 -0.412926 1.3642
-0.258091 -0.124672 1.6784
-1.31549 0.335679 2.8072
-0.353461 0.114606 1.559
0.373223 -0.317317 2.0486
3.98759 -0.105746 9.6656
1.57696 -0.00475917 3.5422
-0.0802628 -0.0658509 1.389
-1.87211 -0.767818 5.3552
0.106651 -0.0727936 1.1598
4.65699 -0.200634 12.015
-0.261079 -0.129052 1.6936
0.397494 -0.309701 2.0044
-0.0185944 -0.408736 1.3642
0.0154087 -0.391204 1.3158
1.13462 -0.0478055 2.9302
0.104712 -0.0725479 1.163
-0.0797295 -0.0642512 1.389
4.20926 -0.174242 10.68
0.373224 -0.321249 2.0486
-0.355257 0.114606 1.559
-0.261079 -0.132952 1.6936
1.10252 0.0733296 3.086
1.53593 -0.0151449 3.9062
0.394723 -0.312471 2.0044
0.375111 -0.319361 2.0486
0.104033 -0.0755112 1.1674
-0.0797295 -0.0668106 1.389
-0.356693 0.114606 1.559
2.83564 -0.0119806 7.1914
4.50224 -0.0178225 10.698
2.61694 -0.0982785 6.5814
-0.0233205 -0.424429 1.3686
0.104033 -0.0755112 1.1674
0.393508 -0.310813 2.0152
0.372846 -0.322759 2.0486
-0.0141384 -0.407869 1.3588
-0.258043 -0.125832 1.686
-0.357555 0.111159 1.559
-0.309644 0.034016 1.5784
-0.678884 -0.0733861 2.1068
-0.0789615 -0.0668106 1.389
0.386823 -0.31616 2.0152
-0.252426 -0.129718 1.6784
0.102869 -0.0759981 1.163
-0.492994 -0.0401586 1.572
-0.307745 0.0352052 1.5848
-0.677486 -0.0789762 2.1068
-0.35383 0.109538 1.5654
0.102329 -0.0800026 1.1674
-0.253762 -0.131054 1.6784
-0.0773026 -0.0686532 1.389
0.122544 0.220226 1.1178
-0.494496 -0.0326506 1.572
0.101214 -0.0777723 1.1674
-0.247854 -0.130476 1.671
-0.290424 -0.185354 1.4956
0.138368 0.227452 1.091
-0.0706673 -0.0606925 1.389
0.150481 0.21757 1.0792
0.131656 0.223416 1.1082
-0.250875 -0.134902 1.6784
0.0988071 -0.0860363 1.1706
-0.0738522 -0.0638768 1.389
-0.706202 -0.0823971 2.1068
0.0199797 -0.0412319 1.2792
-0.494496 -0.0398582 1.572
-0.0936844 -0.0258649 1.3998
-0.352434 0.111034 1.5654
0.061236 -0.0478864 1.2244
0.124749 0.163381 1.1146
