0.00314016 0.38021 -1.41744
0.29955 0.0984135 -1.72652
1.45992 -0.338815 -2.81428
0.428882 -0.130157 -1.60837
-0.337289 0.251608 -2.12145
-3.53899 -0.307775 -9.90171
-1.40445 -0.14636 -3.67672
0.123528 0.0402842 -1.44734
1.92086 0.706645 -5.3063
-0.0701447 0.0450058 -1.22717
-4.11696 -0.30344 -12.2767
0.302347 0.102465 -1.74145
-0.361572 0.244202 -2.07864
0.0038514 0.376082 -1.41754
-0.0284602 0.358597 -1.37123
-1.00264 -0.0692386 -3.04383
-0.0680736 0.0447646 -1.23028
0.123277 0.0386854 -1.44741
-3.72716 -0.275897 -10.9233
-0.337957 0.255482 -2.12136
0.430643 -0.13008 -1.60828
0.301685 0.106308 -1.74136
-0.944343 -0.191211 -3.20067
-1.35134 -0.143733 -4.03796
-0.359325 0.24705 -2.07845
-0.339487 0.253542 -2.12149
-0.0677334 0.0475999 -1.23457
0.122842 0.0412068 -1.44735
0.432052 -0.130019 -1.60821
-2.49306 -0.287101 -7.37929
-3.98716 -0.443024 -10.9588
-2.31781 -0.177011 -6.75795
0.00599838 0.391632 -1.42134
-0.0677334 0.0475999 -1.23457
-0.357417 0.24519 -2.08921
-0.337843 0.256986 -2.12131
-0.000587947 0.375176 -1.41238
0.299611 0.0993586 -1.73408
0.432311 -0.126586 -1.60809
0.373017 -0.0531396 -1.62793
0.738089 0.0549099 -2.13556
0.122089 0.0411739 -1.44738
-0.35177 0.250745 -2.08877
0.293138 0.103142 -1.72667
-0.066852 0.0482426 -1.23012
0.539947 0.0279626 -1.61117
0.371614 -0.0545573 -1.63444
0.73577 0.0603571 -2.1355
0.428641 -0.125314 -1.61462
-0.0668252 0.0520977 -1.23439
0.294221 0.104515 -1.72658
0.12015 0.0429181 -1.44742
-0.037672 -0.243273 -1.19279
0.542695 0.0206302 -1.61127
-0.065353 0.0499484 -1.23439
0.288228 0.103883 -1.71948
0.313598 0.164285 -1.54108
-0.0530392 -0.25038 -1.16695
0.114995 0.0347908 -1.44792
-0.0670692 -0.240861 -1.15551
-0.046451 -0.246559 -1.18371
0.290738 0.108182 -1.72662
-0.0642674 0.0581108 -1.23728
0.117578 0.0380644 -1.44769
0.763346 0.0649588 -2.13406
0.0250001 0.0145565 -1.34302
0.541471 0.027731 -1.6111
0.143911 0.00118843 -1.45842
0.427526 -0.126847 -1.61472
-0.018787 0.0207531 -1.2901
-0.0496133 -0.187282 -1.18838
